         1         1
         1         2
         2         3
         3         3
         3         3
         3         4
         4         4
         4         4
         4         4
         4         5
         5         5
         5         5
         6         6
         6         6
         6         6
         7         7
         7         7
         8         8
         8         9
         9         9
         9         9
         9         9
         9         9
         9        10
        10        10
        10        10
        10        10
        11        11
        11        11
        12        12
        12        12
        12        12
        13        13
        13        13
        13        13
        13        13
        13        13
        14        14
        14        14
        14        15
        15        16
        16        16
        17        17
        17        17
        17        17
        17        18
        18        19
        19        19
        20        20
        20        20
        20        20
        20        21
        21        21
        22        22
        22        22
        22        22
        22        23
        23        23
        23        23
        23        23
        23        23
        24        24
        24        25
        25        25
        26        26
        26        26
        26        26
        26        26
        27        27
        27        27
        27        27
        27        27
        27        28
        28        28
        28        28
        29        29
        29        29
        30        30
        30        30
        30        30
        30        31
        31        31
        31        31
        31        31
        32        32
        33        33
        33        33
        33        34
        34        34
        34        34
        34        35
        35        35
        35        35
        35        35
        36        36
        37        37
        37        37
        37        37
        37        37
        37        37
        38        38
        38        38
        38        38
        39        40
        41        41
        41        41
        42        42
        42        42
        42        43
        43        43
        43        43
        43        44
        44        44
        44        44
        45        45
        46        46
        47        47
        48        48
        48        49
        49        50
        50        50
        51        51
        51        51
        52        52
        52        52
        52        53
        53        53
        53        53
        53        53
        53        54
        54        54
        54        54
        54        54
        54        54
        55        55
        55        55
        55        55
        55        55
        55        55
        55        55
        56        56
        56        56
        56        56
        56        56
        56        56
        57        57
        57        57
        57        57
        57        57
        57        57
        57        57
        58        58
        58        58
        58        58
        58        58
        59        59
        59        59
        59        59
        60        60
        60        60
        61        61
        61        62
        62        62
        63        63
        63        63
        63        64
        64        64
        64        64
        64        65
        65        65
        65        65
        66        66
        66        66
        67        67
        67        67
        68        68
        68        68
        68        68
        68        68
        69        69
        69        69
        70        70
        70        70
        71        71
        71        71
        72        72
        72        72
        72        72
        72        72
        73        74
        74        75
        75        76
        76        77
        77        77
        77        77
        78        78
        78        78
        78        78
        78        78
        78        78
        79        79
        79        79
        79        79
        80        80
        80        80
        80        80
        80        80
        80        80
        81        81
        81        81
        81        82
        82        82
        82        82
        82        82
        82        83
        83        83
        83        83
        83        83
        84        84
        84        84
        84        84
        84        84
        84        84
        84        85
        85        85
        85        85
        85        86
        86        87
        87        87
        87        87
        87        87
        87        88
        88        88
        88        88
        88        89
        89        90
        90        90
        91        91
        91        92
        92        92
        92        93
        93        93
        93        93
        94        94
        94        94
        94        95
        95        95
        95        96
        96        96
        96        97
        97        97
        97        97
        97        98
        98        98
        98        98
        99        99
        99        99
       100       100
       100       100
       100       100
       100       101
       101       101
       101       101
       101       101
       101       101
       101       102
       102       102
       102       102
       103       103
       103       104
       104       104
       104       104
       104       104
       104       105
       105       105
       105       105
       105       105
       106       106
       106       106
       107       108
       108       108
       108       108
       109       109
       109       110
       111       111
       111       111
       112       112
       112       112
       112       113
       113       113
       113       114
       114       115
       115       115
       115       115
       116       116
       116       116
       116       116
       117       118
       118       118
       118       119
       119       119
       119       119
       120       120
       120       120
       120       120
       121       121
       121       121
       121       122
       122       122
       122       122
       122       122
       123       123
       123       123
       124       124
       124       124
       124       124
       124       125
       125       125
       125       125
       125       125
       125       125
       126       126
       126       126
       126       126
       126       126
       127       127
       127       127
       128       128
       128       128
       129       129
       129       129
       129       129
       129       130
       130       130
       130       130
       131       131
       132       132
       132       133
       133       133
       133       134
       134       134
       134       134
       135       135
       135       135
       136       136
       136       137
       137       137
       137       137
       137       137
       138       138
       138       138
       139       139
       139       139
       140       140
       140       140
       141       141
       141       141
       141       141
       141       142
       142       142
       143       143
       143       143
       144       144
       144       144
       144       144
       144       145
       145       145
       146       146
       146       147
       147       148
       148       148
       149       149
       149       149
       150       150
       150       151
       151       152
       153       153
       154       154
       155       155
       156       156
       157       157
       158       159
       159       160
       160       161
       161       161
       161       161
       162       162
       162       162
       163       163
       163       163
       163       164
       164       164
       164       164
       164       164
       164       165
       165       165
       165       165
       165       165
       166       166
       167       167
       167       167
       167       167
       168       168
       168       168
       168       168
       168       168
       169       169
       171       171
       171       171
       172       172
       172       173
       173       173
       173       174
       174       174
       175       175
       175       176
       176       176
       176       177
       177       177
       178       178
       179       179
       179       179
       179       179
       180       180
       180       180
       181       181
       181       181
       181       182
       182       182
       182       183
       183       183
       183       184
       184       184
       184       184
       184       185
       185       185
       185       185
       185       186
       187       187
       188       188
       189       189
       189       189
       190       190
       190       190
       191       191
       191       192
       192       192
       192       193
       193       193
       193       194
       194       194
       195       195
       195       196
       197       197
       197       198
       198       199
       199       200
       200       201
       201       202
         2         3
        39         3
         4         4
         5        32
        35        36
        39         5
         6         8
         9        31
        32        74
        75         6
         7         8
         9        32
         7         8
         9        28
        29        32
         8         9
        10        11
         9        11
        12        10
        11        12
        13        28
        31        32
        71        74
        75        11
        13        14
        21        24
        25        28
        12        13
        14        15
        13        14
        15        16
        70        74
        14        15
        16        17
        24        27
        28        67
        70        71
        15        17
        19        21
        24        16
        17        17
        66        70
        18        19
        20        24
        63        66
        67        19
        20        20
        21        24
        21        23
        24        62
        63        67
       203        22
        23        24
        23        24
        25        26
       177       201
       202        24
        25        26
        27        56
        67       201
       202       203
        25        27
        67        26
        28        29
        27        28
        29        30
        54       199
       200       201
        28        30
        31        54
        56        67
        68        71
       201        29
        30        31
        32        71
        30        31
        32        33
        31        33
        34        52
        54       154
       199        32
        33        34
        35        71
        75       154
        33        36
        34        36
        37        50
        52        35
        37        38
        52        53
       154        37
        38        39
        75        77
       117       154
        39        40
        38        40
        41        42
        49        50
        51        52
       151       152
        39        40
        41       116
       117       152
        40        41
        42        43
        44        49
        43        48
        49       151
       152        44
        45        46
        47        48
        49        45
        46        47
        48        49
        46        47
        47        48
        48        49
        49        50
        51        50
        51        51
        52       198
        52        53
       196       198
        53        54
       154       198
       199        54
       144       154
       155       156
       197       198
       199        55
        56       154
       156       157
       197       199
       200       201
        56        57
       125       157
       158       161
       184       194
       197       199
       200       201
        57        58
        64       121
       156       157
       158       159
       201       203
        58       158
       159       160
       161       164
       176       179
       200       201
       202       203
        59        60
        62        64
       159       160
       202       203
        60        61
        62        64
       160       203
        61        64
       159       160
        62        63
        64        63
        64       203
        64        65
        66        67
       203        65
        67       158
       159       160
       203        66
        67        68
        69       121
        67        68
        69        70
        68        70
        71       203
        69        70
        71        72
        79       119
       121       156
        70        72
        73        79
        71        72
        73        74
        72        74
        75       119
        73        74
        75        76
        77        78
        79       119
        74        75
        76        76
        77        77
        78        78
        79       117
       118       119
        79        80
       104       107
       108       114
       115       117
       118       119
        80        81
       107       119
       120       121
        81        82
       100       101
       103       104
       107       118
       119       120
        82        83
       103       121
       123        83
        84       100
       103       120
       121       122
       123        84
        85        86
        87       122
       123       124
        85        86
        87        88
       122       123
       124       125
       128       136
       140        86
        87        88
       124       127
       128        87
        88        88
        90        93
        96        97
       136       139
       140        89
        90       128
       132       133
       136        90
       132        91
        92        93
        92        93
        94        93
        94        95
        96        94
        96        97
       136       139
        95        96
        97        98
       139        96
        97        98
        99        97
        98        99
       100        98
        99       100
       139       140
       143        99
       100       101
       102       143
       100       101
       102       103
       101       103
       104       120
       122       140
       143       102
       103       104
       105       115
       120       143
       148       150
       153       103
       104       105
       106       110
       104       106
       107       105
       107       108
       115       118
       119       120
       153       106
       108       110
       111       112
       115       148
       107       108
       109       110
       108       109
       110       111
       114       115
       110       111
       114       111
       112       113
       114       115
       113       115
       116       147
       148       114
       115       116
       117       115
       117       116
       117       118
       148       153
       117       118
       148       149
       152       153
       118       119
       120       153
       154       120
       121       153
       154       156
       121       122
       153       154
       155       156
       122       123
       156       157
       158       123
       125       140
       155       156
       157       158
       124       125
       158       159
       125       126
       127       128
       158       159
       160       126
       128       129
       137       157
       158       159
       161       189
       127       128
       129       159
       160       161
       162       187
       128       129
       159       160
       129       133
       136       137
       130       131
       133       134
       187       188
       189       131
       132       133
       134       188
       132       133
       133       134
       135       134
       135       136
       137       135
       137       138
       188       190
       136       137
       138       139
       137       139
       140       138
       139       140
       141       189
       190       193
       139       141
       142       190
       140       141
       142       143
       141       143
       144       193
       142       144
       145       190
       192       193
       196       143
       145       146
       144       146
       150       155
       145       146
       150       155
       193       196
       197       146
       150       196
       149       150
       151       148
       149       149
       150       153
       150       151
       152       153
       151       153
       155       152
       153       153
       154       155
       155       156
       156       157
       157       158
       158       197
       159       160
       161       161
       162       162
       163       164
       184       187
       163       164
       165       166
       164       165
       166       167
       187       165
       167       168
       176       179
       183       184
       187       166
       167       168
       169       172
       175       176
       167       169
       168       169
       170       183
       186       187
       169       170
       175       176
       178       179
       180       183
       170       175
       172       173
       174       175
       173       175
       176       174
       175       176
       177       175
       177       178
       176       177
       178       177
       178       179
       202       178
       179       202
       179       180
       180       181
       183       184
       200       202
       181       182
       183       184
       182       183
       184       185
       194       183
       184       185
       186       184
       185       186
       187       185
       186       187
       188       189
       194       186
       188       189
       190       191
       194       187
       188       189
       189       190
       190       191
       193       194
       191       192
       193       194
       192       194
       195       193
       194       195
       196       194
       195       196
       197       195
       197       198
       196       197
       198       197
       198       199
       200       199
       200       200
       201       201
       202       202
       203       203
